9 11 29 34 36 40 48 52 56 58 60 66 #UTIL: 448814
9 11 29 34 36 40 48 52 58 60 66 #UTIL: 433519
9 11 29 34 36 40 48 52 56 58 60 62 66 #UTIL: 437498
9 11 29 34 36 40 48 52 56 58 60 #UTIL: 436050
9 11 29 34 36 40 48 52 56 60 66 #UTIL: 440628
29 34 36 40 48 52 56 58 60 62 64 66 68 #UTIL: 450755
29 34 36 40 48 52 56 58 60 66 #UTIL: 665513
29 34 36 40 48 52 56 58 60 66 72 #UTIL: 587203
29 34 36 40 46 48 52 56 58 60 66 #UTIL: 539646
29 34 36 40 48 52 56 58 60 66 74 #UTIL: 509069
29 34 36 40 48 52 56 58 66 #UTIL: 610161
29 34 36 40 48 52 56 58 60 64 66 #UTIL: 606797
29 34 36 40 48 52 56 58 60 66 68 #UTIL: 495670
29 34 36 40 48 52 56 58 66 74 #UTIL: 467661
29 34 36 40 48 52 56 58 60 66 70 #UTIL: 440611
29 34 36 40 52 56 58 60 66 #UTIL: 585807
29 34 40 48 52 56 58 60 #UTIL: 623930
29 34 36 40 48 52 56 58 60 #UTIL: 631766
29 36 40 48 52 56 58 60 62 72 #UTIL: 490872
29 34 36 40 48 52 58 60 66 72 #UTIL: 581700
29 34 36 40 48 52 58 60 62 66 #UTIL: 634408
29 36 40 52 56 58 60 66 #UTIL: 521238
29 34 36 40 52 56 58 60 64 66 #UTIL: 541657
29 34 36 40 48 52 56 58 64 66 #UTIL: 560265
29 34 36 40 44 48 52 56 58 60 64 66 #UTIL: 511222
29 34 36 40 48 52 56 58 60 66 68 72 #UTIL: 440696
29 34 36 40 48 52 56 60 66 #UTIL: 651732
29 34 36 40 52 56 60 66 72 #UTIL: 512319
29 34 36 40 48 52 58 60 #UTIL: 607984
29 34 36 40 48 52 56 58 60 64 66 68 #UTIL: 453166
29 34 36 40 48 56 58 60 66 #UTIL: 583805
29 34 36 40 48 52 60 66 #UTIL: 632484
29 34 40 48 52 58 60 66 #UTIL: 638931
29 34 36 40 48 52 56 58 60 62 66 #UTIL: 659375
29 34 36 40 48 52 56 60 62 66 70 #UTIL: 431440
29 34 36 40 56 58 60 66 #UTIL: 501460
29 34 36 40 48 52 56 60 66 72 #UTIL: 576240
29 34 36 40 48 52 58 60 66 #UTIL: 647155
29 34 36 40 46 48 52 56 60 66 #UTIL: 528826
29 34 36 40 48 52 56 58 62 66 #UTIL: 605479
29 34 36 40 48 52 56 58 60 62 68 #UTIL: 477254
29 34 36 48 52 56 60 62 66 #UTIL: 501381
29 34 36 40 48 52 56 60 62 66 #UTIL: 645882
25 29 34 36 40 48 56 58 66 #UTIL: 493153
29 34 36 40 52 56 58 60 66 72 #UTIL: 523538
29 34 36 40 48 50 52 56 60 66 #UTIL: 447641
29 34 36 40 42 52 56 58 60 66 #UTIL: 522334
29 34 36 40 48 56 58 #UTIL: 493573
29 34 36 40 48 52 56 60 66 68 72 #UTIL: 433543
29 34 36 40 48 56 58 60 62 66 68 #UTIL: 441829
29 34 36 40 48 50 52 60 66 #UTIL: 435870
29 34 36 42 48 52 56 58 60 66 #UTIL: 462427
29 34 36 40 48 52 56 58 60 64 #UTIL: 578296
29 34 36 38 40 48 52 56 58 60 66 #UTIL: 468474
29 34 36 40 52 56 58 60 66 68 #UTIL: 448215
29 34 36 48 52 56 58 60 62 66 #UTIL: 514952
25 29 36 40 48 52 56 58 60 66 #UTIL: 567160
29 34 36 40 52 56 58 60 72 #UTIL: 478802
29 31 34 40 48 52 56 58 60 #UTIL: 524458
29 34 36 40 44 48 52 56 58 60 66 #UTIL: 543668
29 34 36 40 48 52 56 58 60 64 66 74 #UTIL: 434540
29 34 36 40 42 48 56 58 60 66 72 #UTIL: 498094
29 34 36 40 48 52 56 60 62 66 68 #UTIL: 484781
29 34 36 40 44 52 56 58 60 66 #UTIL: 482674
29 34 36 40 42 48 52 56 58 60 66 72 #UTIL: 558922
29 34 36 40 48 56 58 66 #UTIL: 528349
29 34 36 40 48 52 58 60 64 66 #UTIL: 594008
29 34 36 40 48 52 56 60 66 68 #UTIL: 486960
29 34 36 40 48 52 56 60 66 74 #UTIL: 498912
29 34 36 40 42 48 52 56 58 60 #UTIL: 557944
29 34 36 40 48 56 58 60 66 68 #UTIL: 442740
34 36 40 48 52 56 58 60 66 #UTIL: 609610
34 36 40 48 52 56 58 60 66 68 #UTIL: 459421
29 34 36 40 48 52 56 58 60 64 66 72 #UTIL: 576656
29 34 36 40 48 52 58 60 62 64 #UTIL: 549109
29 34 36 40 48 52 54 56 58 60 #UTIL: 446324
29 34 36 40 42 44 48 52 58 60 66 #UTIL: 477752
29 31 34 36 40 44 48 52 56 58 60 66 #UTIL: 457869
29 34 36 40 48 52 56 58 60 62 64 66 72 #UTIL: 567297
29 34 36 40 46 48 52 58 60 66 #UTIL: 528683
29 34 36 40 48 50 52 56 58 60 66 #UTIL: 456205
29 31 34 36 40 42 48 52 56 58 60 64 66 #UTIL: 534279
29 34 36 40 52 56 58 66 #UTIL: 528791
29 34 36 40 48 52 56 58 60 68 #UTIL: 479711
29 34 36 40 48 52 54 56 58 60 66 #UTIL: 461827
29 34 36 40 48 52 56 58 60 62 64 66 #UTIL: 599582
29 34 36 40 48 52 58 66 74 #UTIL: 436720
29 36 40 48 52 56 58 60 #UTIL: 571536
29 36 40 48 52 56 58 60 62 66 #UTIL: 603487
29 34 36 40 48 52 56 60 66 70 #UTIL: 431832
29 34 36 40 42 46 52 56 58 60 66 #UTIL: 433884
29 34 36 40 48 52 56 66 74 #UTIL: 457492
29 34 36 40 48 52 56 58 66 68 #UTIL: 459414
29 34 36 40 48 52 56 58 60 62 66 72 #UTIL: 579438
31 34 36 40 48 52 58 60 66 #UTIL: 503337
31 36 40 48 52 56 58 60 66 #UTIL: 471309
29 31 34 36 40 48 52 56 58 60 66 #UTIL: 559414
25 29 34 36 40 48 52 56 58 60 68 #UTIL: 451927
29 31 34 36 40 42 52 56 58 60 66 #UTIL: 469370
29 34 36 40 48 52 56 58 60 62 66 74 #UTIL: 509295
29 34 40 48 52 56 58 62 66 #UTIL: 598650
29 34 36 40 48 56 58 60 62 66 #UTIL: 580267
29 34 36 40 48 58 60 66 #UTIL: 561161
29 34 36 40 48 52 56 58 60 72 #UTIL: 543567
29 34 36 40 42 48 52 56 58 60 62 66 #UTIL: 585008
29 34 36 40 48 52 56 58 60 62 66 70 #UTIL: 440169
29 34 36 40 48 52 56 60 #UTIL: 617453
29 34 36 52 56 58 60 66 #UTIL: 433385
29 34 36 40 46 48 52 60 66 #UTIL: 517096
29 34 36 40 48 52 56 58 #UTIL: 579045
29 36 40 48 52 56 58 60 66 #UTIL: 607845
29 34 40 44 48 52 56 58 60 66 #UTIL: 539213
29 34 36 40 48 52 56 58 60 62 #UTIL: 626541
29 34 36 40 42 46 48 52 56 58 60 66 #UTIL: 489780
29 34 36 40 52 58 60 66 #UTIL: 559357
29 34 36 40 52 56 58 60 74 #UTIL: 432563
29 34 40 46 48 52 56 58 60 66 #UTIL: 534745
29 34 36 40 42 48 52 56 58 60 66 #UTIL: 591523
29 34 36 40 46 48 52 56 58 60 64 66 #UTIL: 501252
29 34 40 48 52 56 60 66 68 #UTIL: 482270
29 34 36 40 48 52 56 58 60 62 66 68 #UTIL: 493431
29 34 36 40 46 48 56 58 60 66 #UTIL: 475062
29 34 40 48 52 56 60 #UTIL: 609482
29 34 36 40 48 52 58 60 72 #UTIL: 534984
29 34 36 40 44 48 52 56 60 62 66 72 #UTIL: 460185
29 34 36 40 48 52 56 58 66 72 #UTIL: 543267
29 36 40 48 52 56 58 66 #UTIL: 550069
29 34 36 40 48 52 56 58 64 #UTIL: 535347
29 34 36 40 48 56 60 66 #UTIL: 569962
29 34 36 40 48 52 56 58 64 66 72 #UTIL: 536632
29 34 36 42 48 52 56 58 60 62 66 #UTIL: 458769
29 34 36 40 48 56 58 60 66 72 #UTIL: 522061
29 34 36 40 46 48 52 56 58 60 62 66 72 #UTIL: 470960
29 34 36 40 48 52 56 60 64 66 #UTIL: 595301
29 34 36 40 44 48 52 56 58 60 #UTIL: 518837
25 29 34 36 40 48 52 56 58 60 66 #UTIL: 618151
29 34 36 48 52 56 58 60 66 #UTIL: 518441
29 34 36 40 48 52 56 66 #UTIL: 596368
29 34 36 40 48 56 58 60 66 74 #UTIL: 448437
29 34 36 40 48 52 56 58 60 74 #UTIL: 489964
23 29 34 36 40 48 52 56 58 60 64 66 #UTIL: 439188
25 29 34 36 40 44 48 52 56 58 60 62 66 #UTIL: 508080
29 34 36 40 48 50 52 56 60 62 66 #UTIL: 449539
29 34 36 40 42 52 56 60 72 #UTIL: 447842
29 34 36 40 48 56 58 60 64 66 #UTIL: 537684
29 34 40 48 52 56 60 66 #UTIL: 644788
29 34 36 40 42 46 48 52 56 58 60 62 66 #UTIL: 482299
25 29 34 36 48 52 56 58 60 62 66 #UTIL: 481778
29 34 40 48 56 66 #UTIL: 506023
29 34 36 40 44 48 52 56 60 #UTIL: 507429
29 34 36 40 46 48 52 56 60 64 66 #UTIL: 492035
29 34 36 40 48 50 52 56 58 60 #UTIL: 434569
23 29 34 40 48 52 56 58 60 64 66 #UTIL: 434903
29 34 40 48 56 58 64 66 #UTIL: 484701
29 34 36 40 44 48 56 58 60 62 #UTIL: 451027
25 29 34 40 48 52 56 58 60 66 #UTIL: 610854
29 34 36 40 44 52 56 60 66 #UTIL: 471311
27 29 34 36 40 48 52 58 60 66 #UTIL: 467482
29 34 36 40 42 48 52 56 58 62 66 #UTIL: 538040
29 34 36 40 48 52 58 66 #UTIL: 588255
29 34 36 40 46 48 52 56 58 60 #UTIL: 511332
29 34 36 40 44 48 52 60 66 #UTIL: 518082
29 34 36 40 44 48 52 56 58 60 66 72 #UTIL: 471557
29 34 40 48 52 56 58 60 66 68 #UTIL: 491054
29 34 36 40 48 52 54 56 58 60 62 66 #UTIL: 459379
29 31 34 36 40 48 52 56 58 60 #UTIL: 530694
29 34 36 48 52 56 58 60 66 72 #UTIL: 472142
29 34 36 40 48 52 54 56 60 66 #UTIL: 452547
29 34 36 40 44 52 58 60 62 64 66 #UTIL: 438731
29 34 36 40 48 56 60 66 68 #UTIL: 433991
29 34 36 40 48 56 58 64 66 #UTIL: 491124
29 34 36 40 42 48 56 58 60 66 #UTIL: 520720
34 36 40 48 52 58 66 #UTIL: 529028
29 34 36 40 56 58 60 64 66 #UTIL: 470391
29 34 36 40 46 52 58 60 66 #UTIL: 459037
29 34 36 40 52 56 60 66 #UTIL: 571584
29 34 40 48 52 56 58 60 66 74 #UTIL: 505125
29 40 48 52 56 64 #UTIL: 459406
29 34 40 48 52 56 58 60 66 #UTIL: 658704
29 34 36 40 48 56 58 60 #UTIL: 547226
23 29 31 34 36 40 42 48 52 56 58 60 66 #UTIL: 439826
29 34 36 40 44 48 52 56 58 60 62 66 #UTIL: 541550
29 34 48 52 56 58 66 #UTIL: 453562
29 34 36 40 48 52 56 58 60 62 66 68 72 #UTIL: 438684
29 34 36 40 42 48 52 60 66 #UTIL: 563702
34 36 40 42 48 52 56 58 60 64 66 #UTIL: 545293
29 34 36 40 48 50 52 56 58 60 62 66 #UTIL: 457980
29 34 36 40 48 50 52 58 60 66 #UTIL: 444915
29 34 36 38 40 48 52 58 60 66 #UTIL: 450791
29 34 36 40 48 52 58 60 62 66 74 #UTIL: 479394
34 40 48 52 56 58 60 74 #UTIL: 440984
29 34 36 48 52 56 58 60 64 #UTIL: 445944
29 34 36 40 44 46 48 52 56 58 60 66 #UTIL: 443080
34 40 46 48 52 56 58 60 66 #UTIL: 489903
29 31 36 40 48 52 56 58 60 66 #UTIL: 517319
34 36 40 48 56 58 60 66 #UTIL: 527684
29 34 36 40 48 52 56 58 62 66 74 #UTIL: 468631
29 34 36 48 52 58 60 62 66 #UTIL: 482782
29 34 36 40 44 48 52 56 58 66 72 #UTIL: 436765
29 34 36 40 44 48 52 56 58 62 66 #UTIL: 498166
29 34 36 40 52 56 60 66 68 #UTIL: 439160
29 34 48 52 56 58 60 66 #UTIL: 509954
29 34 36 40 48 52 56 58 68 #UTIL: 447499
29 34 36 40 52 56 58 60 62 64 66 #UTIL: 537242
29 34 36 40 42 44 48 56 58 60 64 66 #UTIL: 439185
29 34 36 40 48 52 58 60 66 68 #UTIL: 462367
27 29 34 36 40 48 52 56 58 60 66 #UTIL: 479857
29 34 36 40 48 52 54 60 66 #UTIL: 432105
29 34 36 40 48 52 58 60 62 66 68 #UTIL: 460987
29 34 36 40 46 52 58 60 62 66 #UTIL: 451514
29 34 40 48 52 58 60 66 72 #UTIL: 576342
25 29 34 36 48 52 56 58 60 66 #UTIL: 485038
29 34 40 46 48 52 56 60 64 66 #UTIL: 488096
29 34 40 42 52 58 60 62 #UTIL: 457531
29 34 36 40 42 48 52 56 60 66 #UTIL: 579580
29 34 36 40 44 48 52 56 58 60 72 #UTIL: 437013
29 36 48 52 56 58 60 66 #UTIL: 454254
29 34 36 40 48 52 56 60 62 66 72 #UTIL: 568822
29 34 36 40 46 48 52 56 58 60 66 72 #UTIL: 479534
29 34 36 40 48 52 56 64 66 #UTIL: 548757
29 34 36 48 56 58 60 62 66 #UTIL: 435272
29 34 36 40 44 48 52 56 60 66 #UTIL: 532738
29 34 36 40 44 48 52 58 60 72 #UTIL: 431473
29 34 36 40 46 52 56 58 60 66 #UTIL: 476895
29 36 40 48 56 58 60 64 66 #UTIL: 485590
29 34 36 40 48 52 56 58 64 72 #UTIL: 496628
29 34 40 48 52 56 58 60 64 #UTIL: 572387
29 34 36 40 48 52 54 58 60 66 #UTIL: 441864
29 34 36 40 42 48 52 56 58 60 64 66 #UTIL: 590159
29 34 40 52 56 58 60 62 74 #UTIL: 442727
29 34 36 40 48 52 54 56 60 #UTIL: 436512
34 36 48 52 56 58 60 66 #UTIL: 461877
29 34 36 40 48 52 56 60 64 #UTIL: 566410
29 34 40 48 52 58 60 66 74 #UTIL: 474593
29 34 40 48 52 56 58 60 66 72 #UTIL: 583116
29 34 36 38 40 48 52 56 58 60 #UTIL: 445949
25 29 34 36 40 48 52 58 60 #UTIL: 568984
29 34 36 48 52 56 60 66 #UTIL: 504498
29 34 36 40 46 48 52 56 58 60 62 66 #UTIL: 532800
29 34 36 40 48 52 56 60 64 66 72 #UTIL: 566620
25 29 34 36 48 52 56 58 60 66 72 #UTIL: 434132
29 34 36 40 48 52 56 58 74 #UTIL: 451329
29 36 40 48 52 56 58 60 66 74 #UTIL: 465033
29 34 36 38 40 48 52 56 58 60 62 66 #UTIL: 469212
25 29 40 48 52 56 58 60 62 66 #UTIL: 555442
29 31 34 36 40 48 52 56 58 66 #UTIL: 515206
29 36 40 46 48 52 56 58 60 66 #UTIL: 494870
29 34 36 40 48 52 56 58 60 62 64 #UTIL: 571555
34 36 40 48 52 58 60 64 66 #UTIL: 544325
15 17 29 34 36 40 48 52 56 58 60 66 #UTIL: 432132
34 36 40 48 52 56 58 60 64 #UTIL: 529629
29 34 40 42 48 52 56 58 60 66 #UTIL: 586285
29 34 36 40 48 52 58 60 66 74 #UTIL: 479324
29 34 36 48 52 56 58 60 64 66 #UTIL: 478801
29 34 36 40 48 52 56 60 62 74 #UTIL: 479686
29 34 40 52 56 58 60 66 #UTIL: 593009
29 34 36 40 42 44 48 52 56 58 60 66 #UTIL: 489722
29 34 36 40 48 52 58 62 66 #UTIL: 577796
29 34 38 40 48 52 56 58 60 66 #UTIL: 465682
29 34 36 40 52 56 58 60 #UTIL: 550116
29 34 36 40 48 52 56 58 62 #UTIL: 575530
29 34 36 40 42 48 66 #UTIL: 436911
29 34 36 40 48 56 60 62 66 68 #UTIL: 433176
29 34 36 40 42 44 48 52 56 58 60 62 #UTIL: 462863
34 36 40 44 48 52 56 58 60 66 #UTIL: 499275
29 31 34 36 40 48 52 56 60 #UTIL: 519369
29 34 40 48 52 56 58 66 #UTIL: 602724
34 40 56 58 60 66 #UTIL: 445468
29 34 36 40 52 56 58 60 66 74 #UTIL: 453377
29 36 40 48 52 56 58 62 66 #UTIL: 547275
29 34 36 40 42 48 52 56 58 60 66 68 #UTIL: 441943
29 34 36 40 42 48 56 58 66 72 #UTIL: 457086
5 34 36 40 44 48 52 58 60 #UTIL: 467326
29 34 36 40 48 52 56 58 60 62 74 #UTIL: 490241
29 34 36 40 46 48 58 60 66 #UTIL: 460352
29 34 36 40 42 48 52 56 58 66 #UTIL: 543239
29 34 40 48 50 52 56 58 60 66 #UTIL: 453845
29 34 36 40 46 52 56 58 60 62 66 #UTIL: 472833
29 34 36 40 42 48 52 58 60 66 #UTIL: 576412
29 34 36 40 48 52 60 #UTIL: 592781
25 29 34 36 40 48 52 56 58 60 #UTIL: 589519
29 34 36 40 48 60 66 72 #UTIL: 500358
29 34 36 40 42 48 52 56 60 #UTIL: 545628
29 31 34 36 40 48 52 56 58 60 64 66 72 #UTIL: 540519
29 34 36 48 52 58 60 64 66 72 #UTIL: 459415
29 34 40 42 48 52 56 58 60 #UTIL: 551864
29 34 40 48 52 56 58 60 62 66 #UTIL: 653174
29 34 36 40 48 56 58 60 72 #UTIL: 478425
29 34 40 42 44 48 52 56 58 60 66 #UTIL: 486349
21 29 34 36 40 48 52 56 58 60 66 #UTIL: 464848
34 36 40 48 52 58 60 66 #UTIL: 588004
29 31 34 36 40 44 48 52 58 60 66 #UTIL: 451203
29 36 40 48 52 56 58 64 66 #UTIL: 508985
29 34 36 40 48 52 56 60 64 66 68 #UTIL: 445871
29 34 36 40 48 52 58 60 64 72 #UTIL: 531737
29 34 36 40 52 56 58 #UTIL: 498067
29 34 36 40 48 56 58 60 62 72 #UTIL: 474176
21 29 34 36 40 48 52 58 60 66 #UTIL: 456650
29 34 36 48 52 56 66 #UTIL: 448722
29 36 40 42 48 52 56 58 60 62 66 #UTIL: 534443
29 34 36 40 46 48 56 60 66 #UTIL: 464180
27 34 36 40 48 52 56 58 60 66 #UTIL: 440285
29 34 36 40 48 52 56 #UTIL: 564608
25 29 36 40 48 56 58 60 66 #UTIL: 489208
29 36 40 48 52 56 58 60 66 68 #UTIL: 448305
29 34 48 52 58 60 66 #UTIL: 480464
29 34 36 40 48 52 58 60 64 #UTIL: 561211
29 31 34 36 40 42 48 52 56 58 60 66 #UTIL: 524255
29 34 36 40 48 56 60 64 #UTIL: 495125
29 34 36 40 48 52 56 64 66 72 #UTIL: 526596
29 36 40 42 46 48 52 56 58 60 66 #UTIL: 448291
29 34 36 40 44 48 52 58 60 66 #UTIL: 529732
29 34 40 48 56 58 60 66 #UTIL: 576097
29 36 40 48 52 56 58 60 62 64 #UTIL: 520417
29 34 36 48 56 58 60 66 #UTIL: 435783
29 34 36 40 48 52 56 58 60 62 64 66 74 #UTIL: 434478
29 34 36 40 42 48 52 58 60 64 66 #UTIL: 578976
29 34 36 48 52 56 58 66 #UTIL: 462677
29 34 36 40 46 48 52 58 60 64 66 #UTIL: 494027
29 34 36 40 48 52 58 66 72 #UTIL: 534628
25 29 34 36 40 48 52 56 58 60 62 68 #UTIL: 449767
29 31 34 36 40 48 52 56 58 60 62 66 #UTIL: 551617
29 34 36 40 52 58 60 #UTIL: 517850
25 29 34 36 40 48 56 66 #UTIL: 480613
29 34 36 40 52 60 66 #UTIL: 544244
29 34 36 38 40 48 52 56 60 #UTIL: 436067
29 34 36 40 48 52 60 64 66 72 #UTIL: 563807
29 34 36 40 48 52 56 58 60 64 72 #UTIL: 536652
29 34 36 40 52 56 60 62 66 #UTIL: 569009
29 34 36 40 48 52 54 56 58 60 62 #UTIL: 444008
29 36 40 52 56 58 66 #UTIL: 461798
29 34 36 40 46 48 52 56 58 66 #UTIL: 495618
29 34 36 40 44 48 52 56 62 66 #UTIL: 487368
5 7 34 36 40 46 48 56 58 60 62 66 #UTIL: 444619
29 34 36 40 44 52 56 58 60 62 66 #UTIL: 482795
29 36 40 48 52 60 62 64 66 #UTIL: 516243
29 34 36 40 52 56 58 62 66 #UTIL: 527377
36 40 48 52 56 58 60 66 #UTIL: 550281
29 34 36 40 48 56 58 66 72 #UTIL: 478125
29 36 40 48 52 56 60 66 #UTIL: 593466
34 36 40 48 52 56 58 60 64 66 #UTIL: 559798
29 34 36 40 48 58 66 72 #UTIL: 465022
29 34 36 40 48 52 56 60 62 66 74 #UTIL: 499222
29 34 36 40 52 56 58 60 62 66 #UTIL: 582937
29 34 36 38 40 48 52 56 58 60 64 66 #UTIL: 441587
29 31 34 40 48 52 56 58 60 66 #UTIL: 553838
29 34 36 40 48 52 56 62 66 #UTIL: 591986
29 34 36 40 48 52 58 64 66 #UTIL: 544604
29 34 36 40 46 48 52 56 58 60 62 64 66 #UTIL: 493291
25 29 34 36 40 48 52 54 56 58 60 62 66 #UTIL: 437304
29 34 36 48 52 56 58 60 #UTIL: 478685
29 36 40 48 52 60 64 66 #UTIL: 526673
34 36 40 48 52 56 60 66 #UTIL: 595793
29 34 36 40 46 48 52 58 66 #UTIL: 481499
29 34 36 40 44 48 58 60 66 #UTIL: 461307
29 34 36 40 44 48 52 56 58 60 62 66 72 #UTIL: 468610
27 29 34 36 40 48 52 56 58 66 #UTIL: 441353
29 34 36 40 42 46 48 52 56 58 66 #UTIL: 450512
29 34 36 40 46 48 52 56 60 62 66 #UTIL: 522200
27 29 36 40 48 52 56 58 60 66 #UTIL: 445608
29 36 40 48 52 56 60 66 68 #UTIL: 439470
29 34 36 38 40 48 52 56 60 66 #UTIL: 458977
29 36 40 48 52 56 58 60 66 72 #UTIL: 541164
29 34 36 40 48 52 56 60 62 64 66 68 #UTIL: 443444
29 40 48 52 56 58 60 66 #UTIL: 599511
29 34 36 40 48 52 60 62 66 #UTIL: 620232
29 36 40 48 52 58 60 66 #UTIL: 585004
29 34 36 40 44 52 56 58 60 #UTIL: 456615
29 34 36 40 48 52 56 60 74 #UTIL: 479275
27 29 34 36 40 48 52 56 60 62 66 #UTIL: 463160
29 31 34 36 40 48 52 56 58 60 66 72 #UTIL: 526249
29 34 36 40 48 52 56 58 62 64 66 #UTIL: 554322
29 31 34 36 40 48 52 56 58 60 64 #UTIL: 513302
29 34 36 40 52 56 60 66 74 #UTIL: 442809
29 34 36 40 52 56 58 66 72 #UTIL: 478626
29 34 36 40 42 46 48 52 56 58 60 64 66 #UTIL: 488959
29 34 36 40 44 48 52 56 58 66 #UTIL: 499372
29 34 36 40 48 52 56 58 60 64 68 #UTIL: 437700
29 34 36 40 48 52 58 60 64 66 72 #UTIL: 574541
34 36 40 48 52 56 66 #UTIL: 540353
29 34 36 40 44 48 52 58 60 62 66 #UTIL: 522709
29 34 36 40 48 52 56 58 60 62 64 68 #UTIL: 434692
29 34 40 48 52 56 58 60 68 #UTIL: 474436
29 34 36 40 56 58 60 66 72 #UTIL: 457034
29 34 36 40 48 50 52 56 58 60 62 #UTIL: 437203
25 29 34 36 38 40 48 52 56 58 60 66 #UTIL: 432672
29 34 36 40 44 48 56 58 60 66 #UTIL: 478561
29 34 36 40 42 48 56 58 66 #UTIL: 472332
29 34 36 40 48 52 58 60 62 64 66 #UTIL: 580468
29 34 36 40 42 48 52 56 58 60 64 66 72 #UTIL: 576807
29 34 36 40 48 56 60 62 66 72 #UTIL: 505816
34 36 40 48 52 56 58 60 66 72 #UTIL: 542515
29 34 36 40 48 52 60 68 #UTIL: 435304
25 29 34 36 40 48 52 56 58 60 64 66 #UTIL: 554918
29 34 36 40 44 48 56 58 60 #UTIL: 451210
25 29 34 36 40 48 52 58 #UTIL: 516239
29 34 36 40 48 58 66 #UTIL: 502069
29 34 40 48 56 58 60 #UTIL: 538491
25 29 36 40 48 52 56 58 66 #UTIL: 514348
29 34 36 40 48 52 56 58 62 64 72 #UTIL: 489741
29 34 36 40 42 44 48 52 56 60 62 64 66 #UTIL: 482029
29 34 36 40 52 58 62 66 #UTIL: 493107
29 34 36 38 40 48 52 56 58 60 62 64 66 #UTIL: 442098
29 34 36 40 42 48 52 58 60 62 66 #UTIL: 564075
29 34 36 40 48 52 56 60 62 #UTIL: 612566
29 34 36 40 48 52 60 62 #UTIL: 582556
29 34 36 40 46 48 52 58 60 62 64 66 72 #UTIL: 463544
29 36 40 42 52 56 58 60 64 66 #UTIL: 474983
25 29 31 36 40 42 48 52 56 58 60 66 #UTIL: 441793
29 31 36 40 48 52 58 60 64 66 #UTIL: 490560
29 34 36 40 48 56 60 #UTIL: 532851
29 34 36 40 46 52 56 58 60 #UTIL: 446903
29 36 40 48 52 56 58 60 72 #UTIL: 495932
29 34 40 48 58 60 64 66 #UTIL: 513558
29 31 34 36 40 48 52 56 58 60 64 66 #UTIL: 540352
29 34 40 48 52 56 58 62 64 66 #UTIL: 549217
29 31 34 36 40 48 56 60 66 #UTIL: 483993
29 34 36 40 48 52 56 64 #UTIL: 523337
29 31 34 36 40 44 48 52 56 60 66 #UTIL: 449059
29 36 40 48 52 56 60 66 72 #UTIL: 529833
29 36 40 42 48 52 56 58 66 #UTIL: 489055
29 34 36 40 48 56 60 62 66 #UTIL: 566748
29 34 36 40 48 56 60 66 72 #UTIL: 511098
29 34 36 40 48 52 56 60 68 #UTIL: 470569
29 40 48 52 56 60 66 #UTIL: 584997
29 34 36 40 42 48 52 56 58 60 62 66 72 #UTIL: 550074
29 34 36 40 42 48 52 56 60 62 66 #UTIL: 573300
29 34 40 48 52 56 60 62 64 66 #UTIL: 583598
29 34 36 40 48 52 60 66 74 #UTIL: 468848
29 34 36 40 48 58 60 62 66 72 #UTIL: 500864
29 34 36 48 52 58 60 66 72 #UTIL: 458094
29 34 36 40 48 52 56 66 72 #UTIL: 532304
29 34 40 48 52 56 58 60 66 70 #UTIL: 438674
29 34 36 40 48 52 58 60 62 #UTIL: 597214
29 34 36 40 48 52 58 60 62 66 72 #UTIL: 567242
29 36 40 42 48 52 56 58 60 66 72 #UTIL: 516304
17 29 40 48 52 56 58 60 66 #UTIL: 491803
29 34 36 48 52 60 66 #UTIL: 475533
27 29 34 40 48 52 56 58 60 66 #UTIL: 473569
29 36 40 48 56 58 66 #UTIL: 464435
29 34 36 48 52 58 60 66 #UTIL: 490366
29 34 36 40 52 56 58 60 62 66 74 #UTIL: 455496
29 34 36 40 48 52 60 66 68 #UTIL: 453595
25 27 29 34 36 40 48 52 56 58 60 66 #UTIL: 446331
29 34 36 40 42 48 52 56 58 64 66 #UTIL: 545779
29 34 36 40 42 52 56 58 60 64 66 72 #UTIL: 521287
34 36 40 46 48 52 56 60 #UTIL: 454296
34 36 40 48 52 56 58 66 #UTIL: 554182
31 34 36 40 48 52 56 58 66 #UTIL: 470799
29 34 36 40 52 56 58 62 #UTIL: 498171
29 34 36 40 52 58 60 62 66 #UTIL: 551383
29 34 40 44 48 52 56 58 60 62 #UTIL: 511973
29 34 36 40 58 60 66 #UTIL: 470619
29 40 48 52 56 58 60 64 66 #UTIL: 550981
29 34 36 40 52 56 66 #UTIL: 514556
34 40 42 48 52 56 58 60 66 #UTIL: 537070
17 29 34 36 40 48 52 56 58 60 62 66 #UTIL: 529594
29 31 34 36 40 48 52 58 60 66 #UTIL: 550592
29 34 36 40 48 56 58 60 64 66 72 #UTIL: 517280
29 34 36 40 44 48 56 58 60 64 66 #UTIL: 453805
25 29 34 36 40 48 52 56 58 60 66 72 #UTIL: 536711
29 34 36 40 46 48 52 56 58 60 72 #UTIL: 444330
29 34 40 48 52 56 58 60 62 66 72 #UTIL: 575863
29 34 36 40 46 48 52 56 58 62 #UTIL: 464418
34 36 40 52 56 58 66 #UTIL: 471117
29 34 40 44 48 52 56 58 66 #UTIL: 494325
36 40 48 52 56 58 60 64 66 #UTIL: 509461
29 34 36 40 42 48 56 58 60 #UTIL: 485227
25 34 40 48 56 58 60 66 #UTIL: 484406
29 34 36 40 48 52 54 56 60 62 66 #UTIL: 450217
29 34 40 44 48 52 56 58 60 62 64 66 72 #UTIL: 463833
29 34 36 40 48 58 60 66 72 #UTIL: 512094
34 36 40 52 56 58 60 66 #UTIL: 528209
29 34 38 40 48 52 56 58 60 64 66 #UTIL: 440075
29 34 36 40 42 46 48 52 58 60 66 #UTIL: 480833
29 34 36 40 48 52 56 58 60 62 72 #UTIL: 537182
29 34 36 40 48 52 56 66 68 #UTIL: 450692
29 34 40 42 52 58 60 66 #UTIL: 504945
29 34 36 40 48 52 56 60 62 64 66 #UTIL: 588275
29 34 36 40 48 52 56 60 72 #UTIL: 532604
29 31 34 36 40 44 48 52 56 58 60 62 64 66 #UTIL: 438042
29 34 36 40 48 52 58 60 74 #UTIL: 457143
31 34 36 40 48 52 56 58 60 64 #UTIL: 472419
36 40 48 52 56 58 60 66 72 #UTIL: 495020
29 31 34 36 40 42 48 56 58 60 66 #UTIL: 465314
29 34 36 40 48 52 60 72 #UTIL: 523248
29 34 38 40 48 52 56 60 66 #UTIL: 456065
29 34 40 46 48 52 56 58 60 #UTIL: 505609
29 34 36 40 42 48 52 56 58 60 62 64 66 #UTIL: 582405

