116 23 28 56 93 2 53 63 59 39 36 90 34 #UTIL: 547474
116 23 28 56 93 2 53 63 59 39 36 90 34 86 #UTIL: 557017
116 23 28 56 93 2 53 63 59 39 36 90 34 86 85 #UTIL: 576483
116 23 28 56 93 2 53 63 59 39 36 90 34 85 #UTIL: 566940
116 23 28 56 93 2 53 63 59 39 36 90 86 #UTIL: 509477
116 23 28 56 93 2 53 63 59 39 36 90 86 85 #UTIL: 528943
116 23 28 56 93 2 53 63 59 39 36 90 85 #UTIL: 519400
116 23 28 56 93 2 53 63 59 39 36 34 #UTIL: 537726
116 23 28 56 93 2 53 63 59 39 36 34 86 #UTIL: 547269
116 23 28 56 93 2 53 63 59 39 36 34 86 85 #UTIL: 566735
116 23 28 56 93 2 53 63 59 39 36 34 85 #UTIL: 557192
116 23 28 56 93 2 53 63 59 39 36 86 85 #UTIL: 519195
116 23 28 56 93 2 53 63 59 39 36 85 #UTIL: 509652
116 23 28 56 93 2 53 63 59 39 90 34 #UTIL: 528320
116 23 28 56 93 2 53 63 59 39 90 34 86 #UTIL: 537863
116 23 28 56 93 2 53 63 59 39 90 34 86 85 #UTIL: 557329
116 23 28 56 93 2 53 63 59 39 90 34 85 #UTIL: 547786
116 23 28 56 93 2 53 63 59 39 90 86 85 #UTIL: 509789
116 23 28 56 93 2 53 63 59 39 90 85 #UTIL: 500246
116 23 28 56 93 2 53 63 59 39 34 #UTIL: 518572
116 23 28 56 93 2 53 63 59 39 34 86 #UTIL: 528115
116 23 28 56 93 2 53 63 59 39 34 86 85 #UTIL: 547581
116 23 28 56 93 2 53 63 59 39 34 85 #UTIL: 538038
116 23 28 56 93 2 53 63 59 39 86 85 #UTIL: 500041
116 23 28 56 93 2 53 63 59 36 90 34 #UTIL: 519007
116 23 28 56 93 2 53 63 59 36 90 34 86 #UTIL: 528550
116 23 28 56 93 2 53 63 59 36 90 34 86 85 #UTIL: 548016
116 23 28 56 93 2 53 63 59 36 90 34 85 #UTIL: 538473
116 23 28 56 93 2 53 63 59 36 90 86 85 #UTIL: 500476
116 23 28 56 93 2 53 63 59 36 34 #UTIL: 509259
116 23 28 56 93 2 53 63 59 36 34 86 #UTIL: 518802
116 23 28 56 93 2 53 63 59 36 34 86 85 #UTIL: 538268
116 23 28 56 93 2 53 63 59 36 34 85 #UTIL: 528725
116 23 28 56 93 2 53 63 59 90 34 86 #UTIL: 509396
116 23 28 56 93 2 53 63 59 90 34 86 85 #UTIL: 528862
116 23 28 56 93 2 53 63 59 90 34 85 #UTIL: 519319
116 23 28 56 93 2 53 63 59 34 86 85 #UTIL: 519114
116 23 28 56 93 2 53 63 59 34 85 #UTIL: 509571
116 23 28 56 93 2 53 63 39 36 90 34 #UTIL: 537746
116 23 28 56 93 2 53 63 39 36 90 34 86 #UTIL: 547289
116 23 28 56 93 2 53 63 39 36 90 34 86 85 #UTIL: 566755
116 23 28 56 93 2 53 63 39 36 90 34 85 #UTIL: 557212
116 23 28 56 93 2 53 63 39 36 90 86 85 #UTIL: 519215
116 23 28 56 93 2 53 63 39 36 90 85 #UTIL: 509672
116 23 28 56 93 2 53 63 39 36 34 #UTIL: 527998
116 23 28 56 93 2 53 63 39 36 34 86 #UTIL: 537541
116 23 28 56 93 2 53 63 39 36 34 86 85 #UTIL: 557007
116 23 28 56 93 2 53 63 39 36 34 85 #UTIL: 547464
116 23 28 56 93 2 53 63 39 36 86 85 #UTIL: 509467
116 23 28 56 93 2 53 63 39 90 34 #UTIL: 518592
116 23 28 56 93 2 53 63 39 90 34 86 #UTIL: 528135
116 23 28 56 93 2 53 63 39 90 34 86 85 #UTIL: 547601
116 23 28 56 93 2 53 63 39 90 34 85 #UTIL: 538058
116 23 28 56 93 2 53 63 39 90 86 85 #UTIL: 500061
116 23 28 56 93 2 53 63 39 34 #UTIL: 508844
116 23 28 56 93 2 53 63 39 34 86 #UTIL: 518387
116 23 28 56 93 2 53 63 39 34 86 85 #UTIL: 537853
116 23 28 56 93 2 53 63 39 34 85 #UTIL: 528310
116 23 28 56 93 2 53 63 36 90 34 #UTIL: 509279
116 23 28 56 93 2 53 63 36 90 34 86 #UTIL: 518822
116 23 28 56 93 2 53 63 36 90 34 86 85 #UTIL: 538288
116 23 28 56 93 2 53 63 36 90 34 85 #UTIL: 528745
116 23 28 56 93 2 53 63 36 34 86 #UTIL: 509074
116 23 28 56 93 2 53 63 36 34 86 85 #UTIL: 528540
116 23 28 56 93 2 53 63 36 34 85 #UTIL: 518997
116 23 28 56 93 2 53 63 90 34 86 85 #UTIL: 519134
116 23 28 56 93 2 53 63 90 34 85 #UTIL: 509591
116 23 28 56 93 2 53 63 34 86 85 #UTIL: 509386
116 23 28 56 93 2 53 59 39 36 90 34 86 #UTIL: 501073
116 23 28 56 93 2 53 59 39 36 90 34 86 85 #UTIL: 520539
116 23 28 56 93 2 53 59 39 36 90 34 85 #UTIL: 510996
116 23 28 56 93 2 53 59 39 36 34 86 85 #UTIL: 510791
116 23 28 56 93 2 53 59 39 36 34 85 #UTIL: 501248
116 23 28 56 93 2 53 59 39 90 34 86 85 #UTIL: 501385
116 23 28 56 93 2 53 39 36 90 34 86 85 #UTIL: 510811
116 23 28 56 93 2 53 39 36 90 34 85 #UTIL: 501268
116 23 28 56 93 2 53 39 36 34 86 85 #UTIL: 501063
116 23 28 56 93 2 63 59 39 36 90 34 #UTIL: 527996
116 23 28 56 93 2 63 59 39 36 90 34 86 #UTIL: 537539
116 23 28 56 93 2 63 59 39 36 90 34 86 85 #UTIL: 557005
116 23 28 56 93 2 63 59 39 36 90 34 85 #UTIL: 547462
116 23 28 56 93 2 63 59 39 36 90 86 85 #UTIL: 509465
116 23 28 56 93 2 63 59 39 36 34 #UTIL: 518248
116 23 28 56 93 2 63 59 39 36 34 86 #UTIL: 527791
116 23 28 56 93 2 63 59 39 36 34 86 85 #UTIL: 547257
116 23 28 56 93 2 63 59 39 36 34 85 #UTIL: 537714
116 23 28 56 93 2 63 59 39 90 34 #UTIL: 508842
116 23 28 56 93 2 63 59 39 90 34 86 #UTIL: 518385
116 23 28 56 93 2 63 59 39 90 34 86 85 #UTIL: 537851
116 23 28 56 93 2 63 59 39 90 34 85 #UTIL: 528308
116 23 28 56 93 2 63 59 39 34 86 #UTIL: 508637
116 23 28 56 93 2 63 59 39 34 86 85 #UTIL: 528103
116 23 28 56 93 2 63 59 39 34 85 #UTIL: 518560
116 23 28 56 93 2 63 59 36 90 34 86 #UTIL: 509072
116 23 28 56 93 2 63 59 36 90 34 86 85 #UTIL: 528538
116 23 28 56 93 2 63 59 36 90 34 85 #UTIL: 518995
116 23 28 56 93 2 63 59 36 34 86 85 #UTIL: 518790
116 23 28 56 93 2 63 59 36 34 85 #UTIL: 509247
116 23 28 56 93 2 63 59 90 34 86 85 #UTIL: 509384
116 23 28 56 93 2 63 39 36 90 34 #UTIL: 518268
116 23 28 56 93 2 63 39 36 90 34 86 #UTIL: 527811
116 23 28 56 93 2 63 39 36 90 34 86 85 #UTIL: 547277
116 23 28 56 93 2 63 39 36 90 34 85 #UTIL: 537734
116 23 28 56 93 2 63 39 36 34 #UTIL: 508520
116 23 28 56 93 2 63 39 36 34 86 #UTIL: 518063
116 23 28 56 93 2 63 39 36 34 86 85 #UTIL: 537529
116 23 28 56 93 2 63 39 36 34 85 #UTIL: 527986
116 23 28 56 93 2 63 39 90 34 86 #UTIL: 508657
116 23 28 56 93 2 63 39 90 34 86 85 #UTIL: 528123
116 23 28 56 93 2 63 39 90 34 85 #UTIL: 518580
116 23 28 56 93 2 63 39 34 86 85 #UTIL: 518375
116 23 28 56 93 2 63 39 34 85 #UTIL: 508832
116 23 28 56 93 2 63 36 90 34 86 85 #UTIL: 518810
116 23 28 56 93 2 63 36 90 34 85 #UTIL: 509267
116 23 28 56 93 2 63 36 34 86 85 #UTIL: 509062
116 23 28 56 93 2 59 39 36 90 34 86 85 #UTIL: 501061
116 23 28 56 93 53 63 59 39 36 90 34 #UTIL: 500894
116 23 28 56 93 53 63 59 39 36 90 34 86 #UTIL: 510437
116 23 28 56 93 53 63 59 39 36 90 34 86 85 #UTIL: 529903
116 23 28 56 93 53 63 59 39 36 90 34 85 #UTIL: 520360
116 23 28 56 93 53 63 59 39 36 34 86 #UTIL: 500689
116 23 28 56 93 53 63 59 39 36 34 86 85 #UTIL: 520155
116 23 28 56 93 53 63 59 39 36 34 85 #UTIL: 510612
116 23 28 56 93 53 63 59 39 90 34 86 85 #UTIL: 510749
116 23 28 56 93 53 63 59 39 90 34 85 #UTIL: 501206
116 23 28 56 93 53 63 59 39 34 86 85 #UTIL: 501001
116 23 28 56 93 53 63 59 36 90 34 86 85 #UTIL: 501436
116 23 28 56 93 53 63 39 36 90 34 86 #UTIL: 500709
116 23 28 56 93 53 63 39 36 90 34 86 85 #UTIL: 520175
116 23 28 56 93 53 63 39 36 90 34 85 #UTIL: 510632
116 23 28 56 93 53 63 39 36 34 86 85 #UTIL: 510427
116 23 28 56 93 53 63 39 36 34 85 #UTIL: 500884
116 23 28 56 93 53 63 39 90 34 86 85 #UTIL: 501021
116 23 28 56 93 63 59 39 36 90 34 86 85 #UTIL: 510425
116 23 28 56 93 63 59 39 36 90 34 85 #UTIL: 500882
116 23 28 56 93 63 59 39 36 34 86 85 #UTIL: 500677
116 23 28 56 93 63 39 36 90 34 86 85 #UTIL: 500697
116 23 28 56 2 53 63 59 39 36 90 34 86 85 #UTIL: 511047
116 23 28 56 2 53 63 59 39 36 90 34 85 #UTIL: 501504
116 23 28 56 2 53 63 59 39 36 34 86 85 #UTIL: 501299
116 23 28 56 2 53 63 39 36 90 34 86 85 #UTIL: 501319
116 23 28 93 2 53 63 59 39 36 90 34 86 #UTIL: 500407
116 23 28 93 2 53 63 59 39 36 90 34 86 85 #UTIL: 519873
116 23 28 93 2 53 63 59 39 36 90 34 85 #UTIL: 510330
116 23 28 93 2 53 63 59 39 36 34 86 85 #UTIL: 510125
116 23 28 93 2 53 63 59 39 36 34 85 #UTIL: 500582
116 23 28 93 2 53 63 59 39 90 34 86 85 #UTIL: 500719
116 23 28 93 2 53 63 39 36 90 34 86 85 #UTIL: 510145
116 23 28 93 2 53 63 39 36 90 34 85 #UTIL: 500602
116 23 28 93 2 53 63 39 36 34 86 85 #UTIL: 500397
116 23 28 93 2 63 59 39 36 90 34 86 85 #UTIL: 500395
116 23 56 93 2 53 63 59 39 36 90 34 86 85 #UTIL: 509598
116 23 56 93 2 53 63 59 39 36 90 34 85 #UTIL: 500055
116 28 56 93 2 53 63 59 39 36 90 34 86 #UTIL: 509497
116 28 56 93 2 53 63 59 39 36 90 34 86 85 #UTIL: 528963
116 28 56 93 2 53 63 59 39 36 90 34 85 #UTIL: 519420
116 28 56 93 2 53 63 59 39 36 34 86 85 #UTIL: 519215
116 28 56 93 2 53 63 59 39 36 34 85 #UTIL: 509672
116 28 56 93 2 53 63 59 39 90 34 86 85 #UTIL: 509809
116 28 56 93 2 53 63 59 39 90 34 85 #UTIL: 500266
116 28 56 93 2 53 63 59 39 34 86 85 #UTIL: 500061
116 28 56 93 2 53 63 59 36 90 34 86 85 #UTIL: 500496
116 28 56 93 2 53 63 39 36 90 34 86 85 #UTIL: 519235
116 28 56 93 2 53 63 39 36 90 34 85 #UTIL: 509692
116 28 56 93 2 53 63 39 36 34 86 85 #UTIL: 509487
116 28 56 93 2 53 63 39 90 34 86 85 #UTIL: 500081
116 28 56 93 2 63 59 39 36 90 34 86 85 #UTIL: 509485
23 28 56 93 2 53 63 59 39 36 90 34 86 85 #UTIL: 502099
