104589 7295 149.9497 149.9497 0
104589 11350 142.13945 153.87662 0
104589 13688 141.63515 149.18533 0
104589 15104 143.62666 151.86589 0
104589 15416 148.47118 149.34589 0
104589 20452 142.6885 145.86201 0
104589 21457 141.04257 156.69902 0
104589 26247 145.29373 153.81824 0
104589 30941 152.0318 162.60406 0
104589 32775 156.65816 176.61627 0
104589 32775 156.65816 158.8669 0
113266 40003 167.98401 157.07376 0
113266 45484 184.6594 161.5944 0
113266 53683 198.04318 175.70284 0
113266 58093 200.5808 169.72934 0
113266 58947 202.19878 170.6205 0
113266 63127 223.408 157.404 0
113266 63127 223.408 150.24345 0
113266 65943 239.75494 169.51627 0
113266 67953 251.16463 170.12877 0
113266 67953 251.16463 179.05775 0
113266 70426 265.70175 172.3165 0
113266 70426 265.70175 161.23582 0
113266 70715 266.40186 163.96886 0
113266 71176 266.01056 174.1995 0
113266 77687 277.41095 189.62871 0
113266 78300 278.86267 175.44684 0
130386 79160 278.0411 179.76495 0
130386 79160 278.0411 161.53973 0
130386 84077 292.61444 159.55807 0
130386 85218 289.471 151.23448 0
130386 85800 290.9616 175.37596 0
130386 85800 290.9616 176.5975 0
130386 85800 290.9616 173.12314 0
130386 90915 293.5051 165.32378 0
130386 93484 299.58932 172.34082 0
130386 93487 310.71686 178.51811 0
130386 96038 319.6427 195.55434 0
130386 96821 322.8334 154.5907 0
130386 96821 322.8334 170.0121 0
130386 97391 323.11844 206.4605 0
130386 97562 325.32318 172.7208 0
130386 97562 325.32318 173.1231 0
130386 105057 352.1426 157.24515 0
130386 105057 352.1426 178.1104 0
130386 105057 352.1426 155.08801 0
130386 105917 355.52676 175.85051 0
130386 105917 355.52676 174.4586 0
130386 107227 354.61322 155.37138 0
130386 107972 357.53665 191.85788 0
130386 107972 357.53665 167.2941 0
130386 107972 357.53665 193.2885 0
130386 107972 357.53665 164.87816 0
130386 109043 358.01846 199.97256 0
130386 109043 358.01846 181.63467 0
130386 109043 358.01846 194.03214 0
130386 109043 358.01846 171.91772 0
130386 111876 378.59155 164.84589 0
130386 113389 380.36536 201.32664 0
130386 113389 380.36536 198.3856 0
130386 113389 380.36536 193.44716 0
130386 113389 380.36536 172.30309 0
130386 113389 380.36536 179.28183 0
130386 113960 382.10474 163.06973 0
130386 115291 386.42245 165.36424 0
130386 115291 386.42245 211.11002 0
130386 115862 388.39517 200.89244 0
130386 116437 392.6406 198.29927 0
130386 116437 392.6406 185.56464 0
130386 117780 392.29013 195.19168 0
130386 117780 392.29013 193.05432 0
130386 117780 392.29013 182.39104 0
130386 117780 392.29013 168.52074 0
130386 117780 392.29013 189.05394 0
130386 117780 392.29013 164.54605 0
130386 117780 392.29013 183.5542 0
130386 117780 392.29013 181.75099 0
130386 121879 397.24792 165.28645 0
130386 123703 409.0268 166.7985 0
130386 123703 409.0268 183.271 0
130386 123703 409.0268 196.10657 0
130386 123703 409.0268 201.8487 0
130386 123703 409.0268 186.27873 0
130386 123703 409.0268 172.43213 0
130386 126288 411.833 189.80994 0
130386 126288 411.833 166.14064 0
130386 126288 411.833 203.14432 0
130386 126288 411.833 169.52492 0
130386 126288 411.833 189.83696 0
130386 126288 411.833 190.23395 0
130386 126288 411.833 164.81691 0
130386 126288 411.833 198.6742 0
130386 126288 411.833 173.99658 0
130386 126288 411.833 184.84023 0
130386 126288 411.833 146.50786 0
130386 126288 411.833 153.62381 0
130386 126288 411.833 178.71657 0
130386 126288 411.833 173.39034 0
130386 126288 411.833 179.0496 0
130386 126288 411.833 198.86581 0
130386 126459 414.59964 162.15604 0
130386 126459 414.59964 179.94366 0
130386 126459 414.59964 186.75623 0
130386 128332 419.77734 183.96408 0
130386 128332 419.77734 193.1216 0
130386 128332 419.77734 195.91492 0
130386 128332 419.77734 179.66925 0
130386 128332 419.77734 180.6732 0
130386 128332 419.77734 192.46887 0
130386 128332 419.77734 183.31464 0
130386 128332 419.77734 177.62154 0
130386 128332 419.77734 169.78398 0
130386 128332 419.77734 181.76917 0
130386 128332 419.77734 160.92984 0
130386 128332 419.77734 169.64677 0
130386 128332 419.77734 186.77676 0
130386 128332 419.77734 194.79045 0
130386 128332 419.77734 169.43011 0
130386 128332 419.77734 193.31937 0
130386 128332 419.77734 199.19225 0
130386 128332 419.77734 178.71326 0
130386 128332 419.77734 169.01855 0
130386 128332 419.77734 195.90408 0
130386 128332 419.77734 179.5997 0
130386 128332 419.77734 189.19702 0
130386 128332 419.77734 193.45021 0
130386 128332 419.77734 186.28174 0
130386 128332 419.77734 182.83669 0
130386 128503 422.77744 173.9844 0
130386 128503 422.77744 179.60835 0
130386 129073 425.5553 171.01443 0
130386 129644 428.55536 166.711 0
130386 129644 428.55536 190.85353 0
130386 129644 428.55536 194.56305 0
130386 129644 428.55536 176.4215 0
130386 129644 428.55536 197.64168 0
130386 129644 428.55536 182.79631 0
130386 129644 428.55536 178.3634 0
130386 129644 428.55536 190.9846 0
130386 129644 428.55536 181.04472 0
130386 129644 428.55536 166.59944 0
130386 129644 428.55536 190.05617 0
130386 129644 428.55536 176.33652 0
130386 129644 428.55536 180.35748 0
130386 129644 428.55536 180.02036 0
130386 129644 428.55536 175.14919 0
130386 129644 428.55536 168.62614 0
130386 129644 428.55536 169.5529 0
130386 129644 428.55536 166.61018 0
130386 129644 428.55536 175.2161 0
130386 129644 428.55536 175.41498 0
130386 129644 428.55536 202.20787 0
130386 129644 428.55536 201.22356 0
130386 129644 428.55536 187.76144 0
130386 129644 428.55536 163.52933 0
130386 129644 428.55536 174.03532 0
132670 129796 422.99954 192.9401 0
132670 129796 422.99954 176.29861 0
132670 129796 422.99954 197.53893 0
132670 129796 422.99954 182.17752 0
132670 129872 420.52164 171.71378 0
132670 129872 420.52164 166.88603 0
132670 129949 418.24374 174.74406 0
132670 130348 415.7547 201.38474 0
132670 130576 411.88797 202.88911 0
132670 130576 411.88797 213.23799 0
132670 130652 410.99905 179.98674 0
132670 130805 409.8213 171.49388 0
132670 130805 409.8213 176.23311 0
132670 130805 409.8213 170.02296 0
132670 130805 409.8213 177.1671 0
132670 130805 409.8213 200.1912 0
132670 130805 409.8213 163.73607 0
132670 130805 409.8213 202.63892 0
132670 130881 409.53244 187.3063 0
132670 130881 409.53244 195.5719 0
132670 130881 409.53244 169.26257 0
132670 130881 409.53244 186.09587 0
132670 130957 409.44357 174.41298 0
132670 130957 409.44357 184.96353 0
132670 131033 409.55472 197.92516 0
132670 131033 409.55472 174.36479 0
132670 131033 409.55472 171.73221 0
132670 131033 409.55472 174.06789 0
132670 131033 409.55472 184.66528 0
132670 131033 409.55472 192.60999 0
132670 131033 409.55472 206.53801 0
132670 131033 409.55472 178.33939 0
132670 131033 409.55472 180.88295 0
132670 131109 409.8659 184.95358 0
132670 131185 410.37708 218.6068 0
132670 131185 410.37708 173.20451 0
132670 131261 411.08817 174.73222 0
132670 131261 411.08817 177.99261 0
132670 131338 411.99927 220.26062 0
132670 131338 411.99927 166.73247 0
132670 131984 416.0994 178.54271 0
132670 131984 416.0994 177.08487 0
132670 131984 416.0994 172.05173 0
132670 132060 417.3995 178.54565 0
132670 132060 417.3995 158.37988 0
132670 132137 418.89944 190.94945 0
132670 132137 418.89944 186.61057 0
132670 132137 418.89944 180.54851 0
132670 132137 418.89944 192.44217 0
132670 132137 418.89944 188.8986 0
132670 132137 418.89944 185.96928 0
132670 132213 420.59955 181.14386 0
132670 132213 420.59955 178.61873 0
132670 132213 420.59955 199.43228 0
132670 132289 422.49966 190.47865 0
132670 132289 422.49966 181.25867 0
132670 132365 424.59964 191.7805 0
132670 132365 424.59964 179.0207 0
132670 132365 424.59964 202.16808 0
132670 132365 424.59964 210.03947 0
132670 132365 424.59964 174.64708 0
132670 132365 424.59964 192.78592 0
132670 132365 424.59964 173.41872 0
132670 132365 424.59964 177.20181 0
132670 132365 424.59964 186.64479 0
132670 132365 424.59964 167.0121 0
132670 132441 426.89978 179.62871 0
132670 132441 426.89978 190.84062 0
132670 132441 426.89978 178.03325 0
132670 132441 426.89978 170.24084 0
132670 132517 429.39972 187.28526 0
132670 132517 429.39972 169.13554 0
132670 132517 429.39972 191.34753 0
132670 132517 429.39972 207.87093 0
132670 132517 429.39972 177.1058 0
132670 132517 429.39972 183.63606 0
132670 132517 429.39972 185.61864 0
132670 132517 429.39972 188.99281 0
132670 132517 429.39972 187.23909 0
132670 132517 429.39972 190.64499 0
132670 132517 429.39972 237.35463 0
132670 132517 429.39972 185.81264 0
132670 132517 429.39972 173.31781 0
132670 132517 429.39972 206.09367 0
132670 132517 429.39972 196.5949 0
132670 132517 429.39972 171.66147 0
132670 132517 429.39972 193.63792 0
132670 132517 429.39972 197.37044 0
132670 132517 429.39972 207.87755 0
132670 132517 429.39972 181.98453 0
132670 132517 429.39972 179.06683 0
132670 132517 429.39972 205.828 0
132670 132517 429.39972 189.61626 0
132670 132517 429.39972 191.67133 0
132670 132517 429.39972 183.28421 0
132670 132517 429.39972 176.40569 0
132670 132517 429.39972 194.49771 0
132670 132517 429.39972 167.5493 0
132670 132517 429.39972 186.07303 0
132670 132517 429.39972 187.11783 0
132670 132517 429.39972 201.59642 0
132670 132517 429.39972 201.95723 0
132670 132517 429.39972 189.18748 0
132670 132517 429.39972 176.56241 0
132670 132517 429.39972 189.04324 0
132670 132517 429.39972 192.16823 0
132670 132517 429.39972 186.5229 0
132670 132517 429.39972 183.00005 0
132670 132517 429.39972 180.82217 0
132670 132517 429.39972 212.30412 0
132670 132517 429.39972 194.56888 0
132670 132517 429.39972 228.54149 0
132670 132517 429.39972 184.35445 0
132670 132517 429.39972 197.97293 0
132670 132517 429.39972 203.08339 0
132670 132517 429.39972 196.51253 0
132670 132517 429.39972 194.19002 0
132670 132517 429.39972 193.59262 0
132670 132517 429.39972 168.02779 0
132670 132517 429.39972 168.60587 0
132670 132517 429.39972 175.2816 0
132670 132517 429.39972 183.80113 0
132670 132517 429.39972 188.1013 0
132670 132517 429.39972 201.7721 0
132670 132517 429.39972 179.65468 0
132670 132593 432.09985 193.1208 0
132670 132593 432.09985 179.52242 0
132670 132593 432.09985 195.14008 0
132670 132593 432.09985 189.94476 0
132670 132593 432.09985 188.17491 0
132670 132593 432.09985 179.51468 0
132670 132593 432.09985 193.64348 0
132670 132593 432.09985 207.41695 0
132670 132593 432.09985 192.25107 0
132670 132593 432.09985 195.85387 0
132670 132593 432.09985 170.80568 0
132670 132593 432.09985 201.33696 0
132670 132593 432.09985 200.30565 0
132670 132593 432.09985 212.39989 0
132670 132593 432.09985 182.69852 0
132670 132593 432.09985 174.31184 0
132670 132593 432.09985 200.63983 0
132670 132593 432.09985 194.0552 0
132670 132593 432.09985 190.12048 0
132670 132593 432.09985 182.53864 0
133066 132607 426.8361 189.03917 0
133066 132607 426.8361 199.29369 0
148374 133130 424.39056 197.31154 0
148374 133130 424.39056 184.90393 0
148374 134177 420.045 206.2555 0
148374 134177 420.045 172.54019 0
148374 134177 420.045 183.5956 0
148374 134177 420.045 169.73366 0
148374 134177 420.045 213.37608 0
148374 134700 418.145 182.02599 0
148374 135224 416.42676 169.30522 0
148374 135224 416.42676 191.4775 0
148374 135224 416.42676 197.62114 0
148374 135224 416.42676 178.06374 0
148374 135747 414.89035 193.1335 0
148374 136271 413.5358 175.69263 0
148374 136794 412.36304 179.24028 0
148374 136794 412.36304 202.51747 0
148374 137318 411.3721 189.73557 0
148374 137917 413.36307 188.87872 0
148374 138428 415.9995 193.91628 0
148374 138951 415.36313 198.9088 0
148374 138951 415.36313 230.54538 0
148374 138951 415.36313 177.83606 0
148374 138951 415.36313 186.24963 0
148374 139475 414.90857 173.03458 0
148374 139475 414.90857 182.02922 0
148374 139475 414.90857 203.9231 0
148374 139475 414.90857 210.82944 0
148374 139998 414.63586 184.07242 0
148374 141045 414.63583 186.54047 0
148374 141568 414.90857 196.1574 0
148374 142092 415.36313 200.81505 0
148374 143139 416.81775 183.34195 0
148374 143139 416.81775 185.68353 0
148374 143139 416.81775 196.94946 0
148374 143139 416.81775 176.34909 0
148374 143139 416.81775 160.82936 0
148374 143139 416.81775 191.85999 0
148374 143139 416.81775 181.62512 0
148374 143139 416.81775 158.11337 0
148374 143139 416.81775 180.82123 0
148374 143139 416.81775 176.21718 0
148374 143139 416.81775 193.62318 0
148374 143139 416.81775 165.5467 0
148374 143662 417.81775 193.52394 0
148374 144186 418.99963 165.82608 0
148374 144186 418.99963 185.64136 0
148374 144186 418.99963 199.12064 0
148374 144709 420.36328 207.57375 0
148374 144709 420.36328 192.1623 0
148374 144709 420.36328 201.82597 0
148374 144783 419.27234 181.08138 0
148374 144783 419.27234 181.69743 0
148374 144783 419.27234 199.66501 0
148374 144783 419.27234 189.45628 0
148374 144783 419.27234 193.13313 0
148374 145307 420.9997 206.10817 0
148374 145307 420.9997 177.16907 0
148374 145307 420.9997 172.34125 0
148374 145307 420.9997 193.18086 0
148374 145307 420.9997 194.37944 0
148374 145307 420.9997 193.21143 0
148374 145830 422.9088 179.17796 0
148374 145830 422.9088 170.33232 0
148374 145830 422.9088 176.09369 0
148374 145830 422.9088 181.91255 0
148374 145830 422.9088 183.0406 0
148374 145830 422.9088 185.59494 0
148374 145830 422.9088 189.51776 0
148374 145830 422.9088 193.32388 0
148374 146354 424.99982 169.23875 0
148374 146354 424.99982 178.86601 0
148374 146354 424.99982 189.61368 0
148374 146877 427.27258 190.04991 0
148374 146877 427.27258 194.51816 0
148374 146877 427.27258 191.18459 0
148374 146877 427.27258 188.13354 0
148374 146877 427.27258 182.67747 0
148374 146877 427.27258 182.8643 0
148374 146877 427.27258 186.01595 0
148374 146877 427.27258 206.22649 0
148374 146877 427.27258 197.26006 0
148374 146877 427.27258 188.21198 0
148374 146877 427.27258 194.54715 0
148374 147400 429.72723 218.41972 0
148374 147400 429.72723 193.62494 0
148374 147400 429.72723 196.32466 0
148374 147400 429.72723 209.1048 0
148374 147400 429.72723 172.39438 0
148374 147400 429.72723 212.1915 0
148374 147400 429.72723 180.45374 0
148374 147400 429.72723 191.6038 0
148374 147400 429.72723 186.56194 0
148374 147400 429.72723 198.71 0
148374 147400 429.72723 178.61885 0
148374 147400 429.72723 202.10056 0
148374 147400 429.72723 192.46951 0
148374 147400 429.72723 193.66948 0
148374 147400 429.72723 194.86882 0
148374 147400 429.72723 199.02005 0
148374 147400 429.72723 180.13364 0
148374 147400 429.72723 166.76125 0
148374 147400 429.72723 196.87964 0
148374 147400 429.72723 187.97038 0
148374 147400 429.72723 201.10477 0
148374 147400 429.72723 176.8499 0
148374 147400 429.72723 199.4283 0
148374 147924 432.3636 199.06631 0
148374 147924 432.3636 219.6665 0
148374 147924 432.3636 202.14708 0
148374 147924 432.3636 197.713 0
148374 147924 432.3636 209.10909 0
148374 147924 432.3636 195.73749 0
148374 147924 432.3636 206.04309 0
148374 147924 432.3636 199.10855 0
148374 147924 432.3636 181.65346 0
148374 147924 432.3636 190.61719 0
148374 147924 432.3636 193.65164 0
148374 147924 432.3636 184.92589 0
148374 147924 432.3636 209.24265 0
148374 147924 432.3636 199.2562 0
148374 147924 432.3636 178.25446 0
148374 147924 432.3636 183.80765 0
148374 148374 435.0 201.10663 0
148374 148374 435.0 207.70813 0
148374 148374 435.0 223.2751 0
148374 148374 435.0 185.96999 0
148374 148374 435.0 180.70155 0
148374 148374 435.0 206.68994 0
148374 148374 435.0 187.0503 0
148374 148374 435.0 213.67357 0
148374 148374 435.0 201.67659 0
148374 148374 435.0 179.67526 0
148374 148374 435.0 182.50117 0
148374 148374 435.0 181.3854 0
148374 148374 435.0 188.15865 0
148374 148374 435.0 173.42233 0
148374 148374 435.0 168.85161 0
148374 148374 435.0 205.72832 0
148374 148374 435.0 188.87082 0
148374 148374 435.0 183.42586 0
148374 148374 435.0 197.21596 0
148374 148374 435.0 178.0002 0
148374 148374 435.0 223.0113 0
148374 148374 435.0 200.69225 0
148374 148374 435.0 227.84239 0
148374 148374 435.0 212.79948 0
148374 148374 435.0 191.3058 0
148374 148374 435.0 200.59573 0
148374 148374 435.0 182.61647 0
148374 148374 435.0 186.08394 0
148374 148374 435.0 191.72552 0
148374 148374 435.0 216.1294 0
148374 148374 435.0 182.67442 0
148374 148374 435.0 194.34251 0
148374 148374 435.0 174.23361 0
148374 148374 435.0 198.20834 0
148374 148374 435.0 200.2908 0
148374 148374 435.0 198.07413 0
148374 148374 435.0 204.34196 0
148374 148374 435.0 193.91402 0
148374 148374 435.0 185.9614 0
148374 148374 435.0 203.72261 0
148374 148374 435.0 207.64896 0
148374 148374 435.0 177.54933 0
148374 148374 435.0 198.57645 0
148374 148374 435.0 182.87886 0
148374 148374 435.0 178.5854 0
148374 148374 435.0 175.14453 0
148374 148374 435.0 195.3726 0
148374 148374 435.0 205.65112 0
148374 148374 435.0 181.63333 0
148374 148374 435.0 160.45009 0
148374 148374 435.0 191.4509 0
148374 148374 435.0 186.58057 0
148374 148374 435.0 214.37553 0
148374 148374 435.0 200.78098 0
148374 148374 435.0 189.27301 0
148374 148374 435.0 164.8517 0
148374 148374 435.0 192.7616 0
148374 148374 435.0 197.2154 0
148374 148374 435.0 235.67749 0
148374 148374 435.0 186.57521 0
148374 148374 435.0 217.41881 0
148374 148374 435.0 196.5003 0
148374 148374 435.0 190.58635 0
148374 148374 435.0 203.11583 0
148374 148374 435.0 192.13554 0
148374 148374 435.0 193.27008 0
148374 148374 435.0 179.43613 0
148374 148374 435.0 185.69397 0
148374 148374 435.0 181.17407 0
148374 148374 435.0 178.37029 0
148374 148374 435.0 204.33308 0
148374 148374 435.0 203.64539 0
148374 148374 435.0 193.29662 0
148374 148374 435.0 167.78111 0
148374 148374 435.0 191.03204 0
148374 148374 435.0 177.4719 0

