0 0 155.2407 0
56155 1951 139.74069 0
56155 4804 121.77943 0
56155 7473 83.545525 0
56155 8374 72.83364 0
56155 8779 58.723484 0
56155 8779 58.723484 0
56155 8782 53.167416 0
64098 10918 45.63286 0
64098 10918 45.63286 0
64098 10926 42.34091 0
64098 10926 42.34091 0
65863 13122 38.56161 0
65863 13246 35.134155 0
65863 13251 29.152573 0
65863 14471 25.941639 0
85776 16864 26.432278 0
85776 18376 25.464909 0
85776 20555 26.705786 0
85776 21952 22.690264 0
85776 28465 20.42332 0
85776 28809 18.270222 0
85776 30988 18.140522 0
102382 36821 20.449903 0
102382 36827 19.63961 0
102382 37660 19.231016 0
102382 37660 19.231016 0
102382 37660 19.231016 0
102382 37660 19.231016 0
102382 37660 19.231016 0
102382 37977 18.06656 0
102382 37993 19.411854 0
102382 37993 19.411854 0
102382 39607 18.88582 0
102382 39607 18.88582 0
102382 39607 18.88582 0
102382 39944 17.864075 0
102382 40832 18.05475 0
102382 41523 18.003462 0
102382 41523 18.003462 0
105187 42722 18.345507 0
105187 43115 16.052126 0
105187 43115 16.052126 0
105187 43115 16.052126 0
105187 44127 14.728654 0
105187 44457 14.012499 0
105187 44457 14.012499 0
105187 44544 13.373165 0
105187 47190 11.80771 0
105187 47341 11.245652 0
105187 47341 11.245652 0
105187 47341 11.245652 0
237744 53635 11.83732 0
237744 56137 11.053986 0
237744 58584 10.283043 0
237744 59052 9.329833 0
237744 59052 9.329833 0
237744 59052 9.329833 0
237744 62303 9.027056 0
237744 67654 7.9952383 0
237744 67654 7.9952383 0
237744 67654 7.9952383 0
237744 67654 7.9952383 0
237744 67654 7.9952383 0
237744 67654 7.9952383 0
237744 67654 7.9952383 0
237744 67654 7.9952383 0
237744 67654 7.9952383 0
237744 67654 7.9952383 0
237744 67654 7.9952383 0
237744 67654 7.9952383 0
237744 67654 7.9952383 0
237744 67654 7.9952383 0
237744 67654 7.9952383 0
237744 67654 7.9952383 0
237744 67654 7.9952383 0
237744 67654 7.9952383 0
237744 67654 7.9952383 0
237744 67654 7.9952383 0
237744 68236 9.036904 0
237744 68628 10.181348 0
237744 68628 10.181348 0
237744 70293 10.098015 0
237744 70293 10.098015 0
237744 70293 10.098015 0
237744 72344 9.830158 0
237744 72344 9.830158 0
237744 72344 9.830158 0
237744 74215 12.038491 0
237744 74316 12.705157 0
237744 76105 11.810714 0
237744 76929 12.455159 0
237744 76929 12.455159 0
237744 77836 12.071825 0
237744 77836 12.071825 0
237744 77836 12.071825 0
237744 77836 12.071825 0
237744 77836 12.071825 0
237744 77836 12.071825 0
237744 77836 12.071825 0
237744 77836 12.071825 0
237744 78835 13.355158 0
237744 78835 13.355158 0
237744 79273 13.578968 0
237744 80008 14.795635 0
237744 80008 14.795635 0
237744 80008 14.795635 0
237744 80008 14.795635 0
237744 80008 14.795635 0
237744 80008 14.795635 0
237744 80008 14.795635 0
237744 80008 14.795635 0
237744 80008 14.795635 0
237744 80008 14.795635 0
237744 80008 14.795635 0
237744 80008 14.795635 0
237744 80008 14.795635 0
237744 80008 14.795635 0
237744 80008 14.795635 0
237744 80008 14.795635 0
237744 80008 14.795635 0
237744 80008 14.795635 0
237744 80008 14.795635 0
237744 80008 14.795635 0
237744 80402 14.583333 0
237744 80402 14.583333 0
237744 80932 14.666667 0
237744 80932 14.666667 0
237744 80932 14.666667 0
237744 80932 14.666667 0
237744 80932 14.666667 0
237744 80932 14.666667 0
237744 81384 13.916667 0
237744 81384 13.916667 0
237744 81384 13.916667 0
237744 81384 13.916667 0
237744 81384 13.916667 0
237744 81384 13.916667 0
237744 81403 13.283334 0
237744 81403 13.283334 0
237744 81507 14.783331 0
237744 81507 14.783331 0
237744 81507 14.783331 0
237744 81507 14.783331 0
237744 81507 14.783331 0
237744 84714 17.516666 0
237744 84714 17.516666 0
237744 84714 17.516666 0
237744 84714 17.516666 0
237744 84832 17.775 0
237744 84832 17.775 0
237744 84832 17.775 0
237744 84832 17.775 0
237744 85996 17.158335 0
237744 85996 17.158335 0
237744 85996 17.158335 0
237744 85996 17.158335 0
237744 85996 17.158335 0
237744 85996 17.158335 0
237744 85996 17.158335 0
237744 85996 17.158335 0
237744 85996 17.158335 0
237744 85996 17.158335 0
237744 85996 17.158335 0
237744 85996 17.158335 0
237744 85996 17.158335 0
237744 85996 17.158335 0
237744 85996 17.158335 0
237744 86361 14.908332 0
237744 86361 14.908332 0
237744 86361 14.908332 0
237744 86361 14.908332 0
237744 86361 14.908332 0
279933 91819 15.574998 0
279933 91819 15.574998 0
279933 91819 15.574998 0
279933 91819 15.574998 0
279933 91819 15.574998 0
279933 91819 15.574998 0
279933 92507 14.241666 0
279933 92507 14.241666 0
279933 92507 14.241666 0
279933 92507 14.241666 0
279933 92507 14.241666 0
279933 92507 14.241666 0
279933 93480 14.391665 0
279933 93480 14.391665 0
279933 93480 14.391665 0
279933 94323 15.224998 0
279933 94323 15.224998 0
279933 94323 15.224998 0
279933 94323 15.224998 0
279933 94323 15.224998 0
279933 94323 15.224998 0
279933 94323 15.224998 0
279933 94323 15.224998 0
279933 94323 15.224998 0
279933 94323 15.224998 0
279933 94323 15.224998 0
279933 94323 15.224998 0
279933 94323 15.224998 0
279933 94323 15.224998 0
279933 94323 15.224998 0
279933 94323 15.224998 0
279933 94323 15.224998 0
279933 94323 15.224998 0
279933 94323 15.224998 0
279933 94323 15.224998 0
279933 94323 15.224998 0
279933 94323 15.224998 0
279933 94323 15.224998 0
279933 94323 15.224998 0
279933 94323 15.224998 0
279933 97411 16.016666 0
279933 97411 16.016666 0
279933 97411 16.016666 0
279933 97411 16.016666 0
279933 97411 16.016666 0
279933 97411 16.016666 0
279933 97411 16.016666 0
279933 97411 16.016666 0
279933 97857 17.216665 0
279933 97857 17.216665 0
279933 97857 17.216665 0
279933 99913 18.883333 0
279933 99913 18.883333 0
279933 99913 18.883333 0
279933 99913 18.883333 0
279933 99913 18.883333 0
279933 99913 18.883333 0
279933 99913 18.883333 0
279933 99913 18.883333 0
279933 99913 18.883333 0
279933 99913 18.883333 0
279933 99913 18.883333 0
279933 99913 18.883333 0
279933 99913 18.883333 0
279933 99913 18.883333 0
279933 99913 18.883333 0
279933 99913 18.883333 0
279933 100167 19.660713 0
279933 100167 19.660713 0
279933 100167 19.660713 0
279933 100167 19.660713 0
279933 100167 19.660713 0
279933 103009 22.09405 0
279933 103009 22.09405 0
279933 103009 22.09405 0
279933 103009 22.09405 0
279933 103009 22.09405 0
279933 103009 22.09405 0
279933 103009 22.09405 0
279933 103009 22.09405 0
279933 103009 22.09405 0
279933 103009 22.09405 0
279933 104156 22.570274 0
279933 104156 22.570274 0
279933 104156 22.570274 0
279933 105225 21.422655 0
279933 105225 21.422655 0
279933 105225 21.422655 0
279933 105225 21.422655 0
279933 105225 21.422655 0
279933 105225 21.422655 0
279933 105225 21.422655 0
279933 105225 21.422655 0
279933 105225 21.422655 0
279933 105225 21.422655 0
279933 105225 21.422655 0
279933 105406 19.172657 0
279933 105406 19.172657 0
279933 105406 19.172657 0
279933 105406 19.172657 0
279933 105406 19.172657 0
279933 105406 19.172657 0
279933 105406 19.172657 0
279933 105406 19.172657 0
279933 105406 19.172657 0
279933 105406 19.172657 0
279933 105406 19.172657 0
279933 106274 18.672655 0
279933 107362 19.172655 0
279933 107362 19.172655 0
279933 107362 19.172655 0
279933 107362 19.172655 0
279933 107362 19.172655 0
279933 107362 19.172655 0
279933 107362 19.172655 0
279933 107362 19.172655 0
279933 107362 19.172655 0
279933 108728 20.12266 0
279933 108728 20.12266 0
279933 108728 20.12266 0
279933 108728 20.12266 0
279933 108728 20.12266 0
279933 108728 20.12266 0
279933 108728 20.12266 0
279933 108728 20.12266 0
279933 108728 20.12266 0
279933 108728 20.12266 0
279933 108728 20.12266 0
279933 108728 20.12266 0
279933 108769 20.276628 0
279933 108769 20.276628 0
279933 108769 20.276628 0
279933 110054 21.375433 0
279933 110054 21.375433 0
279933 110054 21.375433 0
279933 110054 21.375433 0
279933 110054 21.375433 0
279933 110054 21.375433 0
279933 110054 21.375433 0
279933 110746 21.708767 0
279933 110746 21.708767 0
279933 110746 21.708767 0
279933 110746 21.708767 0
279933 110746 21.708767 0
279933 110746 21.708767 0
279933 110746 21.708767 0
279933 110746 21.708767 0
279933 110746 21.708767 0
279933 110746 21.708767 0
279933 110746 21.708767 0
279933 110746 21.708767 0
279933 111034 21.717102 0
279933 111034 21.717102 0
279933 111034 21.717102 0
279933 111034 21.717102 0
279933 111034 21.717102 0
279933 111034 21.717102 0
279933 111034 21.717102 0
279933 111034 21.717102 0
279933 111034 21.717102 0
279933 111072 21.833769 0
279933 111072 21.833769 0
279933 111072 21.833769 0
279933 111072 21.833769 0
279933 111072 21.833769 0
279933 111072 21.833769 0
279933 111072 21.833769 0
279933 111214 23.117104 0
279933 111214 23.117104 0
279933 111214 23.117104 0
279933 111214 23.117104 0
279933 111214 23.117104 0
279933 111214 23.117104 0
279933 111214 23.117104 0
279933 111214 23.117104 0
279933 111214 23.117104 0
279933 111214 23.117104 0
279933 111214 23.117104 0
279933 111214 23.117104 0
279933 111214 23.117104 0
279933 111214 23.117104 0
279933 111214 23.117104 0
279933 111730 23.174246 0
279933 111730 23.174246 0
279933 111730 23.174246 0
279933 111730 23.174246 0
279933 111730 23.174246 0
279933 111730 23.174246 0
279933 111730 23.174246 0
279933 111730 23.174246 0
279933 111730 23.174246 0
279933 111730 23.174246 0
279933 111730 23.174246 0
279933 111730 23.174246 0
279933 111730 23.174246 0
279933 111730 23.174246 0
279933 111730 23.174246 0
279933 111730 23.174246 0
279933 111730 23.174246 0
279933 111730 23.174246 0
279933 113441 22.875002 0
279933 113441 22.875002 0
279933 113706 23.408339 0
279933 113706 23.408339 0
279933 113706 23.408339 0
279933 113706 23.408339 0
279933 113706 23.408339 0
279933 113706 23.408339 0
279933 113706 23.408339 0
279933 113706 23.408339 0
279933 113706 23.408339 0
279933 113706 23.408339 0
279933 113706 23.408339 0
279933 113706 23.408339 0
279933 113706 23.408339 0
279933 113706 23.408339 0
279933 113706 23.408339 0
279933 113706 23.408339 0
279933 113706 23.408339 0
279933 113706 23.408339 0
279933 113706 23.408339 0
279933 113706 23.408339 0
279933 113706 23.408339 0
279933 113706 23.408339 0
279933 113706 23.408339 0
279933 115938 22.398813 0
279933 116199 21.448814 0
279933 116199 21.448814 0
279933 116199 21.448814 0
279933 116199 21.448814 0
279933 116199 21.448814 0
279933 116199 21.448814 0
279933 116199 21.448814 0
279933 116199 21.448814 0
279933 116199 21.448814 0
279933 116199 21.448814 0
279933 116199 21.448814 0
279933 116199 21.448814 0
279933 116199 21.448814 0
279933 116199 21.448814 0
279933 116199 21.448814 0
279933 116199 21.448814 0
279933 116199 21.448814 0
279933 116199 21.448814 0
279933 118409 23.141672 0
279933 118409 23.141672 0
279933 118975 23.094053 0
279933 118975 23.094053 0
279933 118975 23.094053 0
279933 118975 23.094053 0
279933 119441 24.636911 0
279933 119441 24.636911 0
279933 119441 24.636911 0
279933 119441 24.636911 0
279933 119441 24.636911 0
279933 119441 24.636911 0
279933 119441 24.636911 0
279933 119441 24.636911 0
279933 119441 24.636911 0
279933 119441 24.636911 0
279933 119441 24.636911 0
279933 119441 24.636911 0
279933 119441 24.636911 0
279933 119441 24.636911 0
279933 119441 24.636911 0
279933 119441 24.636911 0
279933 119441 24.636911 0
279933 119441 24.636911 0
279933 119441 24.636911 0
279933 119441 24.636911 0
279933 119441 24.636911 0
279933 119441 24.636911 0
279933 119441 24.636911 0
279933 119441 24.636911 0
279933 119441 24.636911 0
279933 119441 24.636911 0
279933 119441 24.636911 0
279933 119441 24.636911 0
279933 119441 24.636911 0
279933 119441 24.636911 0
279933 119441 24.636911 0
279933 119441 24.636911 0
279933 119441 24.636911 0
279933 119441 24.636911 0
279933 119441 24.636911 0
279933 119441 24.636911 0
279933 119441 24.636911 0
279933 119441 24.636911 0
279933 119441 24.636911 0
279933 119441 24.636911 0
279933 119441 24.636911 0
279933 119441 24.636911 0
279933 119441 24.636911 0
279933 119441 24.636911 0
279933 119441 24.636911 0
279933 119441 24.636911 0
279933 119441 24.636911 0
279933 119441 24.636911 0
279933 119441 24.636911 0
279933 119441 24.636911 0
279933 119441 24.636911 0
279933 119441 24.636911 0
279933 119441 24.636911 0
279933 119441 24.636911 0
279933 119441 24.636911 0
279933 119441 24.636911 0
279933 119441 24.636911 0
279933 119441 24.636911 0
279933 119441 24.636911 0
279933 119441 24.636911 0
279933 119441 24.636911 0
279933 119441 24.636911 0
279933 119441 24.636911 0
279933 119441 24.636911 0
279933 119441 24.636911 0
279933 121620 24.88691 0
279933 121620 24.88691 0
279933 121620 24.88691 0
279933 121620 24.88691 0
279933 121620 24.88691 0
279933 121620 24.88691 0
279933 121620 24.88691 0
279933 121620 24.88691 0
279933 121620 24.88691 0
279933 121620 24.88691 0
279933 121620 24.88691 0
279933 121620 24.88691 0

