167304 0
167304 0
167304 0
167304 0
167304 0
167304 0
167304 0
202913 0
202913 0
202913 0
202913 0
202913 0
212383 0
212383 0
212383 0
212383 0
217636 0
217636 0
217636 0
217636 0
217636 0
253131 0
259312 0
264248 0
264248 0
264248 0
264248 0
264248 0
264248 0
264248 0
264248 0
264248 0
264248 0
264248 0
264248 0
264248 0
264248 0
264248 0
283503 0
283503 0
283503 0
283503 0
283503 0
283503 0
283503 0
283503 0
283503 0
283503 0
283503 0
283503 0
283503 0
283503 0
283503 0
283503 0
283503 0
283503 0
283503 0
283503 0
283503 0
283503 0
387428 0
387428 0
387428 0
387428 0
387428 0
387428 0
387428 0
387428 0
387428 0
387428 0
387428 0
387428 0
387428 0
387428 0
387428 0
387428 0
387428 0
387428 0
387428 0
387428 0
387428 0
387428 0
387428 0
387428 0
387428 0
387428 0
387428 0
387428 0
387428 0
387428 0
387428 0
387428 0
387428 0
387428 0
387428 0
387428 0
387428 0
387428 0
387428 0
387428 0
387428 0
387428 0
387428 0
387428 0
387428 0
387428 0
387428 0
387428 0
387428 0
387428 0
387428 0
387428 0
387428 0
387428 0
387428 0
387428 0
387428 0
387428 0
387428 0
387428 0
387428 0
448814 1
448814 2
448814 3
448814 3
448814 3
448814 3
448814 3
448814 4
448814 4
448814 4
448814 5
448814 5
448814 5
448814 5
448814 5
448814 5
448814 5
448814 5
448814 5
448814 5
448814 5
448814 5
448814 5
448814 5
448814 5
448814 5
448814 5
448814 5
448814 5
448814 5
448814 5
448814 5
448814 5
448814 5
448814 5
448814 5
448814 5
448814 5
448814 5
448814 5
448814 5
448814 5
448814 5
665513 8
665513 11
665513 17
665513 20
665513 22
665513 24
665513 25
665513 27
665513 29
665513 30
665513 33
665513 34
665513 36
665513 38
665513 43
665513 43
665513 44
665513 47
665513 51
665513 53
665513 55
665513 57
665513 57
665513 58
665513 60
665513 64
665513 67
665513 69
665513 71
665513 71
665513 75
665513 75
665513 76
665513 77
665513 79
665513 81
665513 82
665513 83
665513 83
665513 86
665513 89
665513 90
665513 92
665513 92
665513 93
665513 95
665513 97
665513 97
665513 98
665513 98
665513 98
665513 99
665513 102
665513 104
665513 107
665513 108
665513 109
665513 110
665513 111
665513 111
665513 112
665513 112
665513 112
665513 112
665513 112
665513 113
665513 113
665513 113
665513 113
665513 114
665513 114
665513 114
665513 114
665513 115
665513 116
665513 117
665513 119
665513 119
665513 120
665513 123
665513 124
665513 124
665513 124
665513 125
665513 127
665513 128
665513 129
665513 129
665513 131
665513 131
665513 131
665513 133
665513 133
665513 135
665513 135
665513 136
665513 136
665513 136
665513 136
665513 137
665513 139
665513 140
665513 140
665513 140
665513 142
665513 145
665513 145
665513 145
665513 147
665513 148
665513 148
665513 148
665513 149
665513 150
665513 151
665513 152
665513 153
665513 154
665513 155
665513 158
665513 158
665513 158
665513 158
665513 160
665513 161
665513 162
665513 163
665513 163
665513 165
665513 165
665513 165
665513 165
665513 166
665513 166
665513 166
665513 168
665513 168
665513 168
665513 169
665513 171
665513 172
665513 172
665513 172
665513 172
665513 172
665513 174
665513 174
665513 174
665513 175
665513 175
665513 176
665513 177
665513 178
665513 180
665513 180
665513 180
665513 180
665513 181
665513 181
665513 182
665513 183
665513 183
665513 184
665513 184
665513 186
665513 186
665513 187
665513 188
665513 188
665513 188
665513 189
665513 190
665513 190
665513 190
665513 191
665513 192
665513 192
665513 192
665513 192
665513 194
665513 194
665513 195
665513 197
665513 197
665513 197
665513 197
665513 197
665513 198
665513 198
665513 199
665513 200
665513 201
665513 203
665513 204
665513 205
665513 206
665513 209
665513 209
665513 211
665513 211
665513 211
665513 211
665513 211
665513 213
665513 214
665513 214
665513 214
665513 214
665513 215
665513 217
665513 217
665513 218
665513 221
665513 221
665513 222
665513 222
665513 223
665513 223
665513 224
665513 224
665513 225
665513 225
665513 227
665513 227
665513 227
665513 227
665513 228
665513 229
665513 229
665513 229
665513 229
665513 229
665513 229
665513 229
665513 229
665513 229
665513 229
665513 229
665513 229
665513 229
665513 229
665513 229
665513 229
665513 230
665513 230
665513 230
665513 230
665513 230
665513 230
665513 231
665513 233
665513 234
665513 236
665513 236
665513 236
665513 236
665513 236
665513 236
665513 236
665513 236
665513 236
665513 237
665513 238
665513 238
665513 240
665513 240
665513 241
665513 243
665513 244
665513 244
665513 245
665513 247
665513 247
665513 247
665513 247
665513 247
665513 248
665513 248
665513 249
665513 249
665513 250
665513 251
665513 252
665513 252
665513 254
665513 254
665513 255
665513 255
665513 255
665513 255
665513 255
665513 255
665513 255
665513 256
665513 257
665513 257
665513 257
665513 260
665513 260
665513 260
665513 260
665513 260
665513 261
665513 262
665513 264
665513 264
665513 264
665513 264
665513 264
665513 269
665513 270
665513 272
665513 272
665513 272
665513 272
665513 272
665513 272
665513 272
665513 272
665513 272
665513 272
665513 272
665513 272
665513 272
665513 273
665513 273
665513 273
665513 273
665513 273
665513 275
665513 275
665513 276
665513 277
665513 278
665513 279
665513 280
665513 280
665513 281
665513 281
665513 282
665513 283
665513 285
665513 286
665513 286
665513 287
665513 287
665513 287
665513 288
665513 289
665513 289
665513 290
665513 290
665513 291
665513 291
665513 292
665513 292
665513 295
665513 296
665513 296
665513 297
665513 297
665513 297
665513 299
665513 299
665513 299
665513 299
665513 300
665513 300
665513 301
665513 301
665513 302
665513 302
665513 302
665513 303
665513 303
665513 304
665513 305
665513 306
665513 306
665513 306
665513 307
665513 308
665513 309
665513 309
665513 309
665513 310
665513 310
665513 311
665513 311
665513 312
665513 312
665513 312
665513 313
665513 315
665513 316
665513 317
665513 317
665513 317
665513 317
665513 318
665513 318
665513 318
665513 318
665513 318
665513 318
665513 318
665513 318
665513 318
665513 318
665513 319
665513 319
665513 320
665513 320
665513 321
665513 321
665513 321
665513 322
665513 322
665513 322
665513 322
665513 323
665513 323
665513 324
665513 325
665513 325
665513 325
665513 325
665513 325
665513 325
665513 325
665513 325
665513 325
665513 326
665513 326
665513 327
665513 327
665513 330
665513 330
665513 330
665513 331
665513 333
665513 334
665513 334
665513 334
665513 335
665513 336
665513 336
665513 336
665513 336
665513 336
665513 337
665513 340
665513 340
665513 341
665513 343
665513 345
665513 345
665513 346
665513 347
665513 347
665513 347
665513 348
665513 348
665513 349
665513 351
665513 351
665513 351
665513 351
665513 351
665513 351
665513 352
665513 353
665513 353
665513 353
665513 353
665513 355
665513 355
665513 355
665513 355
665513 356
665513 357
665513 358
665513 359
665513 360
665513 360
665513 361
665513 361
665513 361
665513 361
665513 362
665513 362
665513 363
665513 363
665513 365
665513 366
665513 367
665513 369
665513 369
665513 369
665513 370
665513 371
665513 371
665513 372
665513 372
665513 372
665513 372
665513 372
665513 372
665513 372
665513 372
665513 373
665513 374
665513 375
665513 376
665513 376
665513 376
665513 376
665513 376
665513 376
665513 376
665513 376
665513 376
665513 376
665513 376
665513 376
665513 376
665513 376
665513 376
665513 378
665513 378
665513 378
665513 379
665513 379
665513 379
665513 379
665513 379
665513 379
665513 379
665513 379
665513 380
665513 380
665513 381
665513 382
665513 382
665513 384
665513 384
665513 384
665513 385
665513 385
665513 385
665513 385
665513 385
665513 385
665513 385
665513 385
665513 386
665513 386
665513 388
665513 388
665513 388
665513 388
665513 389
665513 389
665513 389
665513 389
665513 389
665513 389
665513 389
665513 389
665513 389
665513 389
665513 391
665513 391
665513 391
665513 391
665513 392
665513 392
665513 393
665513 393
665513 393
665513 393
665513 393
665513 394
665513 396
665513 397
665513 398
665513 398
665513 400
665513 400
665513 401
665513 402
665513 402
665513 402
665513 403
665513 403
665513 403
665513 404
665513 404
665513 404
665513 404
665513 404
665513 404
665513 405
665513 406
665513 406
665513 406
665513 407
665513 407
665513 408
665513 408
665513 408
665513 408
665513 409
665513 409
665513 409
665513 410
665513 411
665513 413
665513 413
665513 413
665513 413
665513 414
665513 415
665513 415
665513 415
665513 416
665513 418
665513 418
665513 418
665513 419
665513 419
665513 419
665513 419
665513 419
665513 420
665513 420
665513 422
665513 423
665513 423
665513 424
665513 424
665513 424
665513 424
665513 424
665513 425
665513 425
665513 425
665513 425
665513 425
665513 426
665513 428
665513 429
665513 429
665513 430
665513 430
665513 432
665513 432
665513 432
665513 432
665513 432
665513 432
665513 433
665513 433
665513 433
665513 433
665513 434
665513 436
665513 436
665513 437
665513 437
665513 439
665513 440
665513 441
665513 441
665513 441
665513 441
665513 442
665513 442
665513 442
665513 442
665513 442
665513 443
665513 443
665513 443
665513 443
665513 443
665513 444
665513 444
665513 444
665513 445
665513 446
665513 446
665513 446
665513 447
665513 447
665513 448
665513 448
665513 448
665513 448
665513 448
665513 449
665513 449
665513 449
665513 449
665513 449
665513 450
665513 451
665513 451
665513 451
665513 451
665513 451
665513 451
665513 451
665513 452
665513 452
665513 452
665513 452
665513 453
665513 453
665513 453
665513 453
665513 454
665513 454
665513 454
665513 454
665513 454
665513 454
665513 455
665513 456
665513 456
665513 457
665513 457
665513 457
665513 457
665513 458
665513 459
665513 460
665513 460
665513 460
665513 460
665513 460
665513 460
665513 460
665513 460
665513 460
665513 460
665513 460
665513 461
665513 461
665513 461
665513 461
665513 461
665513 461
665513 461
665513 462
665513 462
665513 463
665513 464
665513 464
665513 464
665513 464
665513 465
665513 465
665513 467
665513 467
665513 467
665513 467
665513 467
665513 467
665513 467
665513 467
665513 467
665513 468
665513 469
665513 469
665513 470
665513 470
665513 470
665513 470
665513 470
665513 470
665513 471
665513 472
665513 472
665513 472
665513 473
665513 473
665513 473
665513 474
665513 474
665513 474
665513 475
665513 476
665513 478
665513 478
665513 478
665513 479
665513 479
665513 479
665513 479
665513 479
665513 479
665513 479
665513 479
665513 479
665513 479
665513 479
665513 479
665513 479
665513 479
665513 479
665513 479
665513 479
665513 481
665513 481
665513 481
665513 481
665513 481
665513 481
665513 481
665513 482
665513 483
665513 485
665513 485
665513 486
665513 486
665513 486
665513 488
665513 488
665513 488
665513 488
665513 489
665513 489
665513 489
665513 489
665513 489

